-0.3375
-0.078125
0
1.919864
7
-0.4
-0.078125
0
1.919864
7
-0.440625
-0.059375
0
1.553344
7
-0.459375
-0.021875
0
1.553344
7
-0.459375
0.040625
0
1.553344
7
-0.459375
0.009375
0
1.553344
7
-0.44375
0.0625
0
-2.199115
7
-0.3850129
0.08385897
0
-2.199115
7
-0.41875
0.08125
0
-2.199115
7
-0.3375
0.078125
0
-3.124135
7
-0.259375
-0.1
0
-1.727877
9
-0.2614924
-0.03753586
0
-1.727877
9
-0.2636099
0.02492828
0
-1.727877
9
-0.2625
0.084375
0
-1.727877
9
-0.2625
-0.00625
0
-1.727877
9
-0.2625
-0.06875
0
-1.727877
9
-0.2625
0.05625
0
-1.727877
9
-0.225
0.078125
0
0.1919864
9
-0.190625
0.08125
0
0.1919864
9
-0.1125
-0.090625
0
-0.2094394
10
-0.1162279
-0.05645275
0
-0.2094394
10
-0.1199558
-0.0222805
0
-0.2094394
10
-0.1236837
0.01189175
0
-0.2094394
10
-0.1274116
0.046064
0
-0.2094394
10
-0.1311396
0.08023624
0
-0.2094394
10
-0.096875
0.08125
0
0.1047199
10
-0.06253891
0.08288507
0
0.1047199
10
-0.0875
-0.015625
0
0.1047199
10
-0.05327988
-0.01236591
0
0.1047199
10
-0.08125
-0.090625
0
0.1047199
10
-0.046875
-0.090625
0
0.1047199
10
0.0375
0.084375
1
0.3665192
11
0.04868946
0.05187216
1
0.3665192
11
0.05987892
0.01936932
1
0.3665192
11
0.07106838
-0.01313353
1
0.3665192
11
0.08225784
-0.04563637
1
0.3665192
11
0.09344731
-0.07813921
1
0.3665192
11
0.121875
-0.084375
1
2.00713
11
0.1327454
-0.05176401
1
2.00713
11
0.1436157
-0.01915302
1
2.00713
11
0.1544861
0.01345797
1
2.00713
11
0.1653564
0.04606896
1
2.00713
11
0.1762268
0.07867994
1
2.00713
11
0.08125
0.04375
2
1.500984
11
0.115625
0.04375
2
1.500984
11
0.2625
0.05
3
0.03490669
12
0.25625
-0.04375
3
0.03490669
12
0.340625
-0.08125
4
1.937317
12
0.321875
0.003125
4
1.518438
12
0.359375
0.065625
5
2.44346
12
0.346875
-0.01875
5
0.8377584
12
0.4625
0.08125
2
-0.06981307
16
0.459375
-0.0375
4
0.06981327
23
