-0.84375
-0.15625
0
-0.3665191
1
-0.8276461
-0.09586029
0
-0.3665191
1
-0.815625
-0.03125
0
-0.05235986
1
-0.815625
0.03125
0
-0.05235986
1
-0.815625
0.09375
0
-0.05235986
1
-0.815625
0.15625
0
-0.05235986
1
-0.771875
0.06875
0
0.4537855
1
-0.7379483
0.01625967
0
0.4537855
1
-0.7040217
-0.03623066
0
0.4537855
1
-0.6700951
-0.08872099
0
0.4537855
1
-0.6361684
-0.1412113
0
0.4537855
1
-0.778125
0.13125
0
1.500984
1
-0.7157731
0.1269499
0
1.500984
1
-0.6534212
0.1226498
0
1.500984
1
-0.490625
0.1875
0
-1.117011
1
-0.196875
-0.0875
0
0.4014257
1
-0.196875
-0.1375
0
0.4014257
1
-0.278125
-0.15
0
0.4014257
1
-0.3060759
-0.09409828
0
0.4014257
1
-0.3340267
-0.03819656
0
0.4014257
1
-0.35
0.015625
0
0.4014257
1
-0.3635581
0.07663669
0
0.4014257
1
-0.36875
0.134375
0
0.4014257
1
-0.3255953
0.1795847
0
0.4014257
1
-0.28125
0.2
0
0.4014257
1
-0.2187805
0.1980478
0
0.4014257
1
-0.165625
0.1875
0
0.4014257
1
-0.1261455
0.1390478
0
0.4014257
1
-0.025
0.18125
0
0.4014257
1
0.134375
-0.1625
0
0.4014257
1
0.1337963
-0.1000027
0
0.4014257
1
0.1332176
-0.03750534
0
0.4014257
1
0.1326389
0.02499199
0
0.4014257
1
0.1320602
0.08748932
0
0.4014257
1
0.1314816
0.1499867
0
0.4014257
1
0.16875
0.175
0
0.4014257
1
0.2307839
0.1673818
0
0.4014257
1
0.2928179
0.1597635
0
0.4014257
1
0.35
0.159375
0
0.4014257
1
0.45625
0.175
0
0.4014257
1
0.753125
-0.084375
0
0.4014257
1
0.7349274
-0.1441671
0
0.4014257
1
0.69375
-0.159375
0
0.4014257
1
0.6588375
-0.1075352
0
0.4014257
1
0.623925
-0.05569534
0
0.4014257
1
0.59375
0
0
0.4014257
1
0.5863617
0.06206179
0
0.4014257
1
0.5789734
0.1241236
0
0.4014257
1
0.603125
0.16875
0
0.4014257
1
0.6590267
0.1967009
0
0.4014257
1
0.71875
0.209375
0
0.4014257
1
0.7686037
0.1716807
0
0.4014257
1
0.8184574
0.1339865
0
0.4014257
1
