-0.8375
-0.15625
0
0
0
-0.8327482
-0.1253633
0
0
0
-0.8279964
-0.0944767
0
0
0
-0.8232447
-0.06359005
0
0
0
-0.8125
-0.0125
0
0
0
-0.8138979
0.01871872
0
0
0
-0.8152957
0.04993744
0
0
0
-0.8166935
0.08115616
0
0
0
-0.8180914
0.1123749
0
0
0
-0.8194893
0.1435936
0
0
0
-0.8208871
0.1748123
0
0
0
-0.778125
0.090625
0
0
0
-0.7615882
0.06410904
0
0
0
-0.7450513
0.03759308
0
0
0
-0.7285145
0.01107712
0
0
0
-0.7119777
-0.01543884
0
0
0
-0.6954409
-0.0419548
0
0
0
-0.678904
-0.06847076
0
0
0
-0.6623672
-0.09498672
0
0
0
-0.6458303
-0.1215027
0
0
0
-0.6292936
-0.1480186
0
0
0
-0.6127567
-0.1745346
0
0
0
-0.771875
0.134375
0
0
0
-0.7407658
0.1314122
0
0
0
-0.7096565
0.1284494
0
0
0
-0.6785473
0.1254867
0
0
0
-0.647438
0.1225239
0
0
0
-0.6163288
0.1195611
0
0
0
-0.5852196
0.1165983
0
0
0
-0.821875
0.209375
0
0
0
-0.4875
0.196875
1
0
0
-0.196875
-0.08125
2
0
0
-0.2088943
-0.1100962
2
0
0
-0.2209135
-0.1389423
2
0
0
-0.271875
-0.15625
2
0
0
-0.2853104
-0.1280356
2
0
0
-0.2987458
-0.09982128
2
0
0
-0.3121812
-0.07160692
2
0
0
-0.3256167
-0.04339256
2
0
0
-0.3390521
-0.0151782
2
0
0
-0.3524875
0.01303616
2
0
0
-0.359375
0.05625
2
0
0
-0.3556809
0.08728085
2
0
0
-0.3519867
0.1183117
2
0
0
-0.3482925
0.1493425
2
0
0
-0.3445984
0.1803734
2
0
0
-0.303125
0.196875
2
0
0
-0.271875
0.196875
2
0
0
-0.240625
0.196875
2
0
0
-0.209375
0.196875
2
0
0
-0.175
0.184375
2
0
0
-0.1533403
0.1618489
2
0
0
-0.1316807
0.1393228
2
0
0
-0.110021
0.1167968
2
0
0
-0.028125
0.1875
3
0
0
0.134375
-0.159375
4
0
0
0.134375
-0.128125
4
0
0
0.134375
-0.096875
4
0
0
0.134375
-0.065625
4
0
0
0.134375
-0.034375
4
0
0
0.134375
-0.003125
4
0
0
0.134375
0.028125
4
0
0
0.134375
0.059375
4
0
0
0.134375
0.090625
4
0
0
0.134375
0.121875
4
0
0
0.134375
0.153125
4
0
0
0.171875
0.18125
4
0
0
0.2028657
0.1772327
4
0
0
0.2338564
0.1732153
4
0
0
0.2648471
0.1691979
4
0
0
0.2958378
0.1651806
4
0
0
0.3268285
0.1611632
4
0
0
0.459375
0.18125
0
0
0
0.759375
-0.071875
1
0
0
0.748617
-0.1012149
1
0
0
0.737859
-0.1305548
1
0
0
0.727101
-0.1598947
1
0
0
0.690625
-0.16875
1
0
0
0.6720241
-0.1436388
1
0
0
0.6534233
-0.1185276
1
0
0
0.6348225
-0.09341641
1
0
0
0.6125
-0.034375
1
0
0
0.6045471
-0.004153919
1
0
0
0.5965942
0.02606716
1
0
0
0.5886413
0.05628824
1
0
0
0.584375
0.115625
1
0
0
0.6037935
0.1401093
1
0
0
0.623212
0.1645937
1
0
0
0.6426306
0.189078
1
0
0
0.584375
0.0875
1
0
0
0.625
-0.05625
1
0
0
0.6875
0.2125
1
0
0
0.7175926
0.2040741
1
0
0
0.7476853
0.1956482
1
0
0
0.7875
0.16875
1
0
0
0.8111507
0.1483244
1
0
0
0.8348015
0.1278988
1
0
0
