-0.540625
-0.79375
0
2.024583
0
-0.4788898
-0.7840023
0
2.024583
0
-0.4171546
-0.7742547
0
2.024583
0
-0.35625
-0.765625
0
2.024583
0
-0.346875
-0.7125
0
2.024583
0
-0.4003249
-0.6801062
0
2.024583
0
-0.446875
-0.646875
0
2.024583
0
-0.759375
-0.496875
0
2.024583
0
-0.6971241
-0.4913003
0
2.024583
0
-0.6348732
-0.4857256
0
2.024583
0
-0.5726223
-0.4801509
0
2.024583
0
-0.51875
-0.50625
0
2.024583
0
-0.4613956
-0.5310839
0
2.024583
0
-0.4040412
-0.5559177
0
2.024583
0
-0.3466868
-0.5807516
0
2.024583
0
-0.2893324
-0.6055855
0
2.024583
0
-0.231978
-0.6304194
0
2.024583
0
-0.165625
-0.653125
0
2.024583
0
-0.103125
-0.653125
0
2.024583
0
-0.05
-0.625
0
2.024583
0
-0.46875
-0.45
0
2.024583
0
-0.4976604
-0.3945885
0
2.024583
0
-0.525
-0.334375
0
2.024583
0
-0.527838
-0.2719395
0
2.024583
0
-0.2625
-0.521875
0
2.024583
0
-0.215464
-0.4807185
0
2.024583
0
-0.184375
-0.425
0
2.024583
0
-0.2086858
-0.3674219
0
2.024583
0
-0.2329966
-0.3098438
0
2.024583
0
-0.9375
-0.08125
1
2.024583
0
-0.8848826
-0.04752083
1
2.024583
0
-0.8322651
-0.01379166
1
2.024583
0
-0.740625
-0.003125
1
2.024583
0
-0.6855098
-0.0325963
1
2.024583
0
-0.6303945
-0.06206761
1
2.024583
0
-0.5752793
-0.09153891
1
2.024583
0
-0.5201641
-0.1210102
1
2.024583
0
-0.4650488
-0.1504815
1
2.024583
0
-0.4099336
-0.1799528
1
2.024583
0
-0.3548184
-0.2094242
1
2.024583
0
-0.2997032
-0.2388955
1
2.024583
0
-0.23125
-0.271875
1
2.024583
0
-0.1727294
-0.2938202
1
2.024583
0
-0.1142088
-0.3157655
1
2.024583
0
-0.0625
-0.328125
1
2.024583
0
-0.01009731
-0.2940632
1
2.024583
0
-0.571875
0.1
0
2.024583
1
-0.5567166
0.160634
0
2.024583
1
-0.575
0.29375
1
1.413718
1
-0.572162
0.3561855
1
1.413718
1
-0.5875
0.4375
1
1.117011
1
-0.603125
0.515625
1
1.117011
1
-0.61875
0.590625
1
0.8028516
1
-0.6301306
0.6520802
1
0.8028516
1
-0.503125
0.08125
1
2.530726
1
-0.4619685
0.03421392
1
2.530726
1
-0.409375
-0.00625
1
3.089228
1
-0.3540105
-0.03525047
1
3.089228
1
-0.271875
-0.03125
1
3.70009
1
-0.2375
0.0125
1
3.70009
1
-0.21875
0.0875
1
4.345858
1
-0.2207022
0.1499695
1
4.345858
1
-0.21875
0.26875
1
4.939267
1
-0.2165961
0.3312129
1
4.939267
1
-0.2125
0.440625
1
4.939267
1
-0.2125
0.546875
1
5.183611
1
-0.225
0.646875
1
5.532675
1
-0.25
0.753125
1
5.532675
1
-0.284375
0.7125
1
5.742114
1
-0.33125
0.65625
1
6.195897
1
-0.359375
0.59375
1
6.195897
1
-0.38125
0.534375
1
6.195897
1
-0.409375
0.4875
1
6.195897
1
-0.428125
0.434375
1
6.195897
1
-0.5
0.225
3
4.712375
1
-0.4383504
0.214725
3
4.712375
1
-0.3767008
0.20445
3
4.712375
1
-0.484375
0.3375
3
4.276045
1
-0.4332152
0.3015984
3
4.276045
1
-0.3820554
0.2656967
3
4.276045
1
-0.3308956
0.2297951
3
4.276045
1
-0.45
0.365625
3
4.991626
1
-0.3921192
0.389206
3
4.991626
1
-0.3342384
0.4127871
3
4.991626
1
0.125
-0.70625
0
5.515222
1
0.175261
-0.6691006
0
5.515222
1
0.18125
-0.596875
0
6.283163
1
0.1818396
-0.5343778
0
6.283163
1
0.1824291
-0.4718805
0
6.283163
1
0.1830187
-0.4093833
0
6.283163
1
0.1836082
-0.3468861
0
6.283163
1
0.1841978
-0.2843888
0
6.283163
1
0.20625
-0.475
0
7.295448
1
0.2638522
-0.4992536
0
7.295448
1
0.3214544
-0.5235071
0
7.295448
1
0.3790566
-0.5477607
0
7.295448
1
0.4366589
-0.5720142
0
7.295448
1
0.4942611
-0.5962678
0
7.295448
1
0.121875
-0.225
0
5.201065
1
0.1843042
-0.2279728
0
5.201065
1
0.25
-0.2375
0
4.345858
1
0.3091111
-0.2578008
0
4.345858
1
0.3682222
-0.2781016
0
4.345858
1
0.4273334
-0.2984025
0
4.345858
1
0.4864445
-0.3187033
0
4.345858
1
0.5455556
-0.3390041
0
4.345858
1
0.559375
-0.26875
0
7.08601
1
0.5215197
-0.2190185
0
7.08601
1
0.4836643
-0.1692869
0
7.08601
1
0.445809
-0.1195554
0
7.08601
1
0.4079536
-0.06982384
0
7.08601
1
0.1125
0.05625
1
4.188779
1
0.1724503
0.03858042
1
4.188779
1
0.2324005
0.02091083
1
4.188779
1
0.2923508
0.003241253
1
4.188779
1
0.352301
-0.01442833
1
4.188779
1
0.125
0.134375
2
1.762784
1
0.125
0.196875
2
1.762784
1
0.11875
0.271875
2
1.099558
1
0.11875
0.334375
2
1.099558
1
0.103125
0.428125
2
1.099558
1
0.09428616
0.4899968
2
1.099558
1
0.1
0.5875
2
0.9075714
1
0.1125
0.665625
2
0.4537854
1
0.16875
0.71875
2
0.3839723
1
0.225
0.753125
2
-0.0698133
1
0.2868252
0.7622843
2
-0.0698133
1
0.39375
0.765625
2
-0.5061455
1
0.4557673
0.7578728
2
-0.5061455
1
0.55
0.753125
2
-0.5061455
1
0.625
0.740625
2
-0.9599317
1
0.6841732
0.7205061
2
-0.9599317
1
0.7433464
0.7003872
2
-0.9599317
1
0.85
0.6625
2
-0.9599317
1
0.84375
0.584375
2
-0.9599317
1
0.796875
0.515625
2
-1.117011
1
0.7625
0.44375
2
-1.117011
1
0.71875
0.384375
2
-1.117011
1
0.665625
0.315625
2
-1.588251
1
0.596875
0.2875
2
-1.588251
1
0.221875
0.234375
3
1.256638
1
0.2803561
0.2123247
3
1.256638
1
0.3388372
0.1902744
3
1.256638
1
0.3973184
0.1682241
3
1.256638
1
0.446875
0.1625
3
3.926981
1
0.3991941
0.2029076
3
3.926981
1
0.3515131
0.2433151
3
3.926981
1
0.3038321
0.2837227
3
3.926981
1
0.2625
0.33125
3
7.714324
1
0.23125
0.35
3
7.714324
1
0.2925363
0.3377427
3
7.714324
1
0.3538225
0.3254854
3
7.714324
1
0.4151088
0.3132281
3
7.714324
1
0.4375
0.328125
3
10.34976
1
0.3972842
0.3759679
3
10.34976
1
0.3570684
0.4238108
3
10.34976
1
0.3168527
0.4716536
3
10.34976
1
0.2766369
0.5194966
3
10.34976
1
0.253125
0.5375
3
14.64324
1
0.3144862
0.5493764
3
14.64324
1
0.3758474
0.5612528
3
14.64324
1
0.4372087
0.5731292
3
14.64324
1
