-0.653125
-0.271875
0
0
1
-0.5934207
-0.2533912
0
0
1
-0.5337165
-0.2349074
0
0
1
-0.4740122
-0.2164237
0
0
1
-0.414308
-0.1979399
0
0
1
-0.3546037
-0.179456
0
0
1
-0.2948995
-0.1609722
0
0
1
-0.2351952
-0.1424884
0
0
1
-0.1754909
-0.1240046
0
0
1
-0.1157866
-0.1055207
0
0
1
-0.05608235
-0.08703689
0
0
1
0.00362196
-0.06855307
0
0
1
0.06332626
-0.05006924
0
0
1
0.1230306
-0.03158541
0
0
1
0.1827349
-0.01310158
0
0
1
0.2424392
0.005382252
0
0
1
0.3021435
0.02386608
0
0
1
0.3618478
0.04234991
0
0
1
0.4215521
0.06083374
0
0
1
0.4812564
0.07931757
0
0
1
-0.26875
-0.55
0
0
1
-0.2094752
-0.5301822
0
0
1
-0.1502004
-0.5103644
0
0
1
-0.0909255
-0.4905466
0
0
1
-0.03165064
-0.4707289
0
0
1
0.02762423
-0.4509111
0
0
1
0.08689909
-0.4310933
0
0
1
0.146174
-0.4112755
0
0
1
0.2054488
-0.3914577
0
0
1
0.2647237
-0.37164
0
0
1
0.3239985
-0.3518222
0
0
1
0.3832734
-0.3320044
0
0
1
0.4425483
-0.3121866
0
0
1
0.5018231
-0.2923688
0
0
1
0.561098
-0.2725511
0
0
1
0.6203728
-0.2527333
0
0
1
0.6796476
-0.2329155
0
0
1
0.7389225
-0.2130977
0
0
1
-0.48125
0.10625
0
-0.6457719
2
-0.4374335
0.06168137
0
-0.6457719
2
-0.3936171
0.01711273
0
-0.6457719
2
-0.3498006
-0.0274559
0
-0.6457719
2
-0.3059841
-0.07202454
0
-0.6457719
2
-0.2621676
-0.1165932
0
-0.6457719
2
-0.2183512
-0.1611618
0
-0.6457719
2
-0.1745347
-0.2057305
0
-0.6457719
2
-0.1307182
-0.2502992
0
-0.6457719
2
-0.08690176
-0.2948678
0
-0.6457719
2
-0.04308529
-0.3394365
0
-0.6457719
2
0.0007311821
-0.3840052
0
-0.6457719
2
0.04454765
-0.4285739
0
-0.6457719
2
0.08836412
-0.4731426
0
-0.6457719
2
0.1321806
-0.5177113
0
-0.6457719
2
0.1759971
-0.5622799
0
-0.6457719
2
0.2198135
-0.6068486
0
-0.6457719
2
-0.025
0.5
0
-0.6457719
2
0.01333494
0.4506373
0
-0.6457719
2
0.05166988
0.4012745
0
-0.6457719
2
0.09000482
0.3519117
0
-0.6457719
2
0.1283398
0.302549
0
-0.6457719
2
0.1666747
0.2531862
0
-0.6457719
2
0.2050097
0.2038235
0
-0.6457719
2
0.2433446
0.1544607
0
-0.6457719
2
0.2816795
0.105098
0
-0.6457719
2
0.3200145
0.05573521
0
-0.6457719
2
0.3583494
0.006372452
0
-0.6457719
2
0.3966843
-0.0429903
0
-0.6457719
2
0.4350193
-0.09235306
0
-0.6457719
2
0.4733543
-0.1417158
0
-0.6457719
2
0.5116892
-0.1910786
0
-0.6457719
2
0.5500242
-0.2404413
0
-0.6457719
2
0.5883591
-0.2898041
0
-0.6457719
2
0.6266939
-0.3391668
0
-0.6457719
2
