-0.534375
-0.740625
0
0
0
-0.4730887
-0.7283677
0
0
0
-0.4118024
-0.7161105
0
0
0
-0.3505161
-0.7038532
0
0
0
-0.2892298
-0.6915959
0
0
0
-0.425
-0.59375
0
0
0
-0.74375
-0.44375
0
0
0
-0.6814733
-0.4384723
0
0
0
-0.6191965
-0.4331946
0
0
0
-0.5
-0.453125
0
0
0
-0.4416923
-0.4756297
0
0
0
-0.3833846
-0.4981344
0
0
0
-0.3250769
-0.5206391
0
0
0
-0.2667692
-0.5431439
0
0
0
-0.2084615
-0.5656486
0
0
0
-0.1501538
-0.5881532
0
0
0
-0.1
-0.590625
0
0
0
-0.04357119
-0.5637541
0
0
0
-0.4875
-0.328125
0
0
0
-0.5036039
-0.2677353
0
0
0
-0.5197079
-0.2073456
0
0
0
-0.2
-0.43125
0
0
0
-0.1743522
-0.3742549
0
0
0
-0.196875
-0.315625
0
0
0
-0.2209135
-0.2579327
0
0
0
-0.915625
-0.01875
0
0
0
-0.861904
0.01319218
0
0
0
-0.808183
0.04513435
0
0
0
-0.7375
0.05
0
0
0
-0.6814319
0.02238436
0
0
0
-0.6253639
-0.005231285
0
0
0
-0.5692958
-0.03284693
0
0
0
-0.5132278
-0.06046257
0
0
0
-0.4571597
-0.08807822
0
0
0
-0.4010917
-0.1156939
0
0
0
-0.3450236
-0.1433095
0
0
0
-0.2889556
-0.1709251
0
0
0
-0.2328876
-0.1985408
0
0
0
-0.1768195
-0.2261564
0
0
0
-0.1207515
-0.253772
0
0
0
-0.059375
-0.278125
0
0
0
-0.007371902
-0.2434562
0
0
0
-0.55625
0.140625
0
0
0
-0.5466433
0.2023823
0
0
0
-0.5370366
0.2641396
0
0
0
-0.559375
0.353125
0
0
0
-0.5695673
0.4147883
0
0
0
-0.5797596
0.4764517
0
0
0
-0.5899519
0.538115
0
0
0
-0.6001442
0.5997784
0
0
0
-0.6103364
0.6614416
0
0
0
-0.6205287
0.7231048
0
0
0
-0.440625
0.078125
0
0
0
-0.3859224
0.04789467
0
0
0
-0.3312199
0.01766434
0
0
0
-0.2625
0.015625
0
0
0
-0.2259068
0.06629248
0
0
0
-0.215625
0.159375
0
0
0
-0.215625
0.221875
0
0
0
-0.215625
0.284375
0
0
0
-0.215625
0.346875
0
0
0
-0.215625
0.409375
0
0
0
-0.215625
0.471875
0
0
0
-0.215625
0.534375
0
0
0
-0.215625
0.596875
0
0
0
-0.215625
0.659375
0
0
0
-0.421875
0.490625
0
0
0
-0.3959371
0.5474887
0
0
0
-0.3699993
0.6043524
0
0
0
-0.3440615
0.661216
0
0
0
-0.325
0.721875
0
0
0
-0.2773432
0.7623112
0
0
0
-0.2296863
0.8027474
0
0
0
-0.46875
0.28125
0
0
0
-0.4072783
0.2699593
0
0
0
-0.3458066
0.2586685
0
0
0
-0.2875
0.26875
0
0
0
-0.3409947
0.3010697
0
0
0
-0.3944895
0.3333895
0
0
0
-0.471875
0.409375
0
0
0
-0.4125823
0.4291392
0
0
0
0.146875
-0.646875
0
0
1
0.1953821
-0.607463
0
0
1
0.209375
-0.540625
0
0
1
0.2075008
-0.4781531
0
0
1
0.2056267
-0.4156813
0
0
1
0.2037525
-0.3532094
0
0
1
0.2018784
-0.2907375
0
0
1
0.2000042
-0.2282657
0
0
1
0.23125
-0.421875
0
0
1
0.2888871
-0.4460454
0
0
1
0.3465242
-0.4702158
0
0
1
0.4041614
-0.4943862
0
0
1
0.4617985
-0.5185566
0
0
1
0.5194356
-0.542727
0
0
1
0.140625
-0.175
2
0
1
0.2021169
-0.1638197
2
0
1
0.259375
-0.184375
2
0
1
0.3188568
-0.2035627
2
0
1
0.3783386
-0.2227504
2
0
1
0.4378204
-0.2419381
2
0
1
0.4973022
-0.2611257
2
0
1
0.565625
-0.2125
2
0
1
0.5306057
-0.1607323
2
0
1
0.4955864
-0.1089645
2
0
1
0.4605671
-0.05719681
2
0
1
0.4255478
-0.005429077
2
0
1
0.55625
-0.278125
2
0
1
0.134375
0.11875
2
0
1
0.1942741
0.1009077
2
0
1
0.2541733
0.08306541
2
0
1
0.3140724
0.06522312
2
0
1
0.3739716
0.04738083
2
0
1
0.134375
0.18125
3
0
1
0.128586
0.2434814
3
0
1
0.122797
0.3057127
3
0
1
0.117008
0.3679441
3
0
1
0.111219
0.4301754
3
0
1
0.10543
0.4924068
3
0
1
0.09964104
0.5546381
3
0
1
0.103125
0.665625
3
0
1
0.1342794
0.7198067
3
0
1
0.1654339
0.7739884
3
0
1
0.240625
0.821875
3
0
1
0.3029942
0.8178326
3
0
1
0.3653633
0.8137901
3
0
1
0.4277325
0.8097477
3
0
1
0.4901016
0.8057052
3
0
1
0.5524708
0.8016628
3
0
1
0.653125
0.79375
3
0
1
0.7105257
0.7690235
3
0
1
0.7679264
0.744297
3
0
1
0.8253271
0.7195705
3
0
1
0.84375
0.640625
3
0
1
0.8138782
0.5857257
3
0
1
0.7840065
0.5308264
3
0
1
0.7541348
0.4759271
3
0
1
0.603125
0.353125
3
0
1
0.66409
0.3668913
3
0
1
0.240625
0.3
3
0
1
0.2991061
0.2779497
3
0
1
0.3575872
0.2558994
3
0
1
0.4160684
0.2338491
3
0
1
0.49375
0.215625
3
0
1
0.4430174
0.2521277
3
0
1
0.3922848
0.2886305
3
0
1
0.3415522
0.3251332
3
0
1
0.2908196
0.361636
3
0
1
0.2400869
0.3981387
3
0
1
0.30625
0.40625
3
0
1
0.3677052
0.3948694
3
0
1
0.4291603
0.3834888
3
0
1
0.43125
0.43125
3
0
1
0.3888949
0.4772097
3
0
1
0.3465399
0.5231695
3
0
1
0.3041848
0.5691293
3
0
1
0.340625
0.603125
3
0
1
0.4009228
0.6195698
3
0
1
0.4612206
0.6360146
3
0
1
