-0.3
-0.134375
0
-0.4712388
7
-0.315625
-0.04375
0
-0.4712388
7
-0.3125
0.103125
2
-0.3490658
7
-0.3
0.146875
2
-0.3490658
7
-0.296875
0.040625
4
0.2443461
12
-0.271875
-0.05
4
0.2443461
12
-0.184375
-0.13125
6
3.159041
17
-0.1
-0.125
6
3.159041
17
-0.1875
-0.125
6
4.694922
23
-0.06875
-0.128125
6
4.694922
23
-0.221875
-0.06875
8
6.16099
4
-0.221875
-0.025
8
6.16099
4
-0.053125
-0.065625
8
6.16099
4
-0.05
-0.025
8
6.16099
4
-0.18125
-0.065625
10
7.819044
5
-0.125
-0.065625
10
7.819044
5
-0.084375
-0.065625
10
7.819044
5
-0.178125
-0.009375
11
7.819044
5
-0.1
-0.009375
11
7.819044
5
-0.221875
0.03125
11
7.819044
5
-0.18125
0.028125
11
7.819044
5
-0.1
0.028125
11
7.819044
5
-0.040625
0.03125
11
7.819044
5
-0.234375
0.075
13
7.819044
5
-0.178125
0.075
13
7.819044
5
-0.1
0.075
13
7.819044
5
-0.04375
0.075
13
7.819044
5
-0.1375
-0.03125
14
3.159041
7
-0.140625
0.021875
14
3.159041
7
-0.15
0.084375
14
3.525558
7
-0.18125
0.11875
14
4.066607
7
-0.221875
0.15625
14
4.066607
7
-0.115625
0.109375
14
2.234022
7
-0.078125
0.134375
14
2.234022
7
0.03125
-0.078125
20
3.75245
12
0.30625
-0.09375
20
3.75245
12
0.115625
-0.109375
24
4.729828
12
0.2375
-0.1125
24
4.729828
12
0.171875
-0.14375
9
6.248256
17
0.13125
-0.046875
9
7.85395
23
0.2125
-0.046875
9
7.85395
23
0.24375
-0.03125
11
10.50684
1
0.203125
-0.00625
11
10.50684
1
0.16875
0.028125
13
9.407285
4
0.171875
0.078125
13
9.407285
4
0.16875
0.121875
13
9.407285
4
0.153125
0.146875
16
11.4144
5
0.025
0.05625
18
14.15455
8
0.06875
0.05625
18
14.15455
8
0.1125
0.05625
18
14.15455
8
0.153125
0.05625
18
14.15455
8
0.2
0.05625
18
14.15455
8
0.240625
0.05625
18
14.15455
8
0.28125
0.05625
18
14.15455
8
0.328125
0.05625
18
14.15455
8
